4
2.21258 -1.10144 -0.844791 0.955681 2.32455 0.937044 -0.821281 
-0.390335 -0.407366 0.825646 -0.0713606 
0.386323 0.741546 0.548511 0.751312 
-0.835699 0.53307 -0.132076 0.383524 

1.70877 -0.995675 -1.09633 1.50341 1.26932 0.345974 1.63876 
-0.308687 0.155611 0.938348 0.426729 
0.869859 -0.352904 0.34468 0.551443 
0.384783 0.922629 -0.0264225 0.388563 

1.08508 -1.11662 -1.25228 1.44391 -0.427412 0.533099 1.69339 
-0.232292 -0.249095 0.940209 0.684909 
0.239298 0.922302 0.303473 0.27992 
-0.94275 0.295485 -0.154636 0.374151 

1.49711 -1.23751 -1.12417 0.902281 -0.201463 -0.0306148 2.9156 
-0.610246 0.166322 0.774556 0.443938 
0.784969 -0.00495835 0.619515 0.724224 
0.10688 0.986059 -0.127532 0.375133 

